library/postgres:9.4,MEMORY:874999999.0 = 28873.24502
tsaianson/node-apt-app,NET:274773.0 = 24134.04766
mysql:5.6.32,DISK:19573418.0 = 29042.29881
kibana:4,NET:274773.0 = 36578.11007
haproxy:1.7,CPU-QUOTA:46.0 = 34874.93606
